inst/dem_lisbon_raster.asc
ncols        200
nrows        133
xllcorner    -88285.000000000000
yllcorner    -106485.000000000000
cellsize     10.000000000000
NODATA_value nan
[rows 57 to 75 of 133, columns 84 to 125 of 200]
10.019000053405761719 10 10 10 10 10 10 10 10 10 10 10 10 10 10 11.553000450134277344 13.133999824523925781 14.730999946594238281 16.711000442504882812 18.747999191284179688 25.121000289916992188 26.136999130249023438 27.134000778198242188 28.0149993896484375 28.70999908447265625 29.316999435424804688 29.91500091552734375 31.187000274658203125 32.529998779296875 34.31600189208984375 35.938999176025390625 37.36299896240234375 38.549999237060546875 41.25299835205078125 45.173999786376953125 48.9550018310546875 51.523998260498046875 53.72299957275390625 55.937999725341796875 57.838001251220703125 59.154998779296875 60.27899932861328125
10.282999992370605469 10 10 10 10 10 10 10 10 10 10 10 10 10 10 10.767999649047851562 12.355999946594238281 14.065999984741210938 15.921999931335449219 18.08300018310546875 21.55500030517578125 25.7220001220703125 26.635999679565429688 27.350000381469726562 27.974000930786132812 28.47299957275390625 29.038999557495117188 29.766000747680664062 30.912000656127929688 32.685001373291015625 34.4980010986328125 35.770000457763671875 36.6920013427734375 38.66699981689453125 41.116001129150390625 45.61100006103515625 48.6699981689453125 51.159000396728515625 53.167999267578125 54.935001373291015625 56.243000030517578125 57.23699951171875
10.557999610900878906 10 10 10 10 10 10 10 10 10 10 10 10 10 10 10 11.663999557495117188 13.345999717712402344 15.144000053405761719 17.256999969482421875 19.391000747680664062 25.267999649047851562 25.99900054931640625 26.631999969482421875 27.26399993896484375 27.462999343872070312 28.163000106811523438 28.8899993896484375 29.587999343872070312 30.65200042724609375 32.1829986572265625 33.591999053955078125 34.784000396728515625 36.243000030517578125 38.022998809814453125 40.394001007080078125 45.11199951171875 47.970001220703125 50.464000701904296875 52.15399932861328125 53.562000274658203125 54.451000213623046875
10.862000465393066406 10.031999588012695312 10 10 10 10 10 10 10 10 10 9.9969997406005859375 9.9429998397827148438 9.8879995346069335938 9.8339996337890625 9.8809995651245117188 10.819000244140625 12.501000404357910156 14.395999908447265625 16.447999954223632812 18.561000823974609375 22.204999923706054688 25.288999557495117188 25.920999526977539062 26.337999343872070312 26.559000015258789062 27.285999298095703125 27.952999114990234375 28.562999725341796875 29.229999542236328125 29.856000900268554688 31.183000564575195312 32.55699920654296875 33.840999603271484375 35.25 37.28099822998046875 40.141998291015625 44.37200164794921875 47.162998199462890625 49.575000762939453125 51.104000091552734375 52.0410003662109375
11.001999855041503906 10.157999992370605469 10 10 10 10 10 9.993000030517578125 9.937999725341796875 9.8830003738403320312 9.8290004730224609375 9.7740001678466796875 9.7189998626708984375 9.6649999618530273438 9.6099996566772460938 9.76399993896484375 9.9960002899169921875 11.744000434875488281 13.661999702453613281 15.63899993896484375 17.55699920654296875 19.261999130249023438 25 25.211000442504882812 25.29199981689453125 25.68199920654296875 26.322000503540039062 26.900999069213867188 27.47100067138671875 27.924999237060546875 28.531999588012695312 29.201999664306640625 30.326000213623046875 31.781000137329101562 33.200000762939453125 34.51599884033203125 36.90399932861328125 40.37799835205078125 43.8209991455078125 46.1269989013671875 48.143001556396484375 49.49900054931640625
11.034999847412109375 10.135999679565429688 10 9.9879999160766601562 9.9329996109008789062 9.8780002593994140625 9.8240003585815429688 9.7690000534057617188 9.7139997482299804688 9.659999847412109375 9.604999542236328125 9.5509996414184570312 9.4960002899169921875 9.4409999847412109375 9.4139995574951171875 9.6470003128051757812 9.8800001144409179688 10.968000411987304688 12.894000053405761719 14.828000068664550781 16.510000228881835938 18.167999267578125 19.825000762939453125 22.469999313354492188 23.19300079345703125 24.628999710083007812 25.232999801635742188 25.771999359130859375 26.302999496459960938 26.531999588012695312 27.190000534057617188 27.627000808715820312 28.465999603271484375 29.864000320434570312 31.26300048828125 32.6510009765625 34.03900146484375 36.858001708984375 40.578998565673828125 43.187999725341796875 44.631000518798828125 46.105998992919921875
10.970000267028808594 10.064999580383300781 9.819000244140625 9.76399993896484375 9.7100000381469726562 9.6549997329711914062 9.6000003814697265625 9.5459995269775390625 9.4910001754760742188 9.4359998703002929688 9.381999969482421875 9.326999664306640625 9.2720003128051757812 9.2180004119873046875 9.298000335693359375 9.5299997329711914062 9.7690000534057617188 10.175000190734863281 12.088999748229980469 14.02700042724609375 15.824999809265136719 17.482999801635742188 18.976999282836914062 20.579000473022460938 22.242000579833984375 23.3470001220703125 24.049999237060546875 24.6660003662109375 25.021999359130859375 25.150999069213867188 25.48699951171875 25.947000503540039062 26.648000717163085938 27.900999069213867188 29.329000473022460938 30.770999908447265625 32.213001251220703125 34.21900177001953125 37.52899932861328125 40.93399810791015625 42.354999542236328125 44.630001068115234375
10.923999786376953125 9.9989995956420898438 9.784999847412109375 9.5710000991821289062 9.48600006103515625 9.4320001602172851562 9.3769998550415039062 9.3219995498657226562 9.2679996490478515625 9.2130002975463867188 9.1579999923706054688 9.104000091552734375 9.048999786376953125 8.9940004348754882812 9.180999755859375 9.4160003662109375 9.66699981689453125 9.9119997024536132812 11.232999801635742188 13.203000068664550781 15.135000228881835938 16.704000473022460938 18.273000717163085938 19.843000411987304688 21.4160003662109375 22.271999359130859375 23.125 23.75 23.99900054931640625 24.045000076293945312 24.169000625610351562 24.38800048828125 24.771999359130859375 25.767999649047851562 27.256999969482421875 28.7779998779296875 30.382999420166015625 32.483001708984375 35.08100128173828125 38.733001708984375 41.339000701904296875 43.95800018310546875
10.901000022888183594 9.9809999465942382812 9.7679996490478515625 9.5539999008178710938 9.340000152587890625 9.20800018310546875 9.1529998779296875 9.0989999771118164062 9.0439996719360351562 8.9890003204345703125 8.9350004196166992188 8.8800001144409179688 8.8249998092651367188 8.8310003280639648438 9.0640001296997070312 9.3100004196166992188 9.5570001602172851562 9.79199981689453125 10.215999603271484375 12.22299957275390625 14.373999595642089844 16.091999053955078125 17.632999420166015625 19.173000335693359375 20.493000030517578125 21.565000534057617188 22.260000228881835938 22.84600067138671875 22.981000900268554688 22.97299957275390625 23.003999710083007812 23.183000564575195312 23.600000381469726562 24.287000656127929688 25.316999435424804688 27.016000747680664062 28.697999954223632812 30.672000885009765625 33.8639984130859375 37.037998199462890625 39.48400115966796875 43.4889984130859375
10.880999565124511719 9.9709997177124023438 9.7530002593994140625 9.5369997024536132812 9.3229999542236328125 9.1090002059936523438 8.93000030517578125 8.875 8.8210000991821289062 8.7659997940063476562 8.7110004425048828125 8.6569995880126953125 8.6020002365112304688 8.7139997482299804688 8.9540004730224609375 9.201999664306640625 9.437000274658203125 9.6689996719360351562 9.895999908447265625 11.315999984741210938 13.569000244140625 15.515000343322753906 17.0410003662109375 18.492000579833984375 19.795000076293945312 20.79000091552734375 21.54199981689453125 21.923999786376953125 21.969999313354492188 21.909999847412109375 21.839000701904296875 21.94499969482421875 22.437999725341796875 23.242000579833984375 24.239000320434570312 25.481000900268554688 27.201999664306640625 29.184999465942382812 32.880001068115234375 36.569000244140625 39.047000885009765625 42.5110015869140625
10.854999542236328125 9.965000152587890625 9.7460002899169921875 9.52700042724609375 9.3079996109008789062 9.0920000076293945312 8.8780002593994140625 8.6639995574951171875 8.5970001220703125 8.54199981689453125 8.4879999160766601562 8.4329996109008789062 8.3789997100830078125 8.5989999771118164062 8.8470001220703125 9.0819997787475585938 9.3109998703002929688 9.5380001068115234375 9.76399993896484375 9.9910001754760742188 12.329999923706054688 14.866000175476074219 16.391000747680664062 17.66699981689453125 18.995000839233398438 20.062999725341796875 20.656999588012695312 21.003000259399414062 20.962999343872070312 20.86199951171875 20.673999786376953125 20.739999771118164062 21.30500030517578125 22.229000091552734375 23.280000686645507812 24.261999130249023438 25.551000595092773438 27.951999664306640625 32.257999420166015625 36.72499847412109375 39.83599853515625 41.894001007080078125
10.829000473022460938 9.9600000381469726562 9.7399997711181640625 9.520999908447265625 9.3020000457763671875 9.08300018310546875 8.8640003204345703125 8.6470003128051757812 8.4329996109008789062 8.319000244140625 8.26399993896484375 8.2100000381469726562 8.2480001449584960938 8.4919996261596679688 8.7250003814697265625 8.951999664306640625 9.1789999008178710938 9.4060001373291015625 9.631999969482421875 9.8579998016357421875 10.965000152587890625 13.569000244140625 15.720000267028808594 17.069000244140625 18.159000396728515625 19.1100006103515625 19.882999420166015625 20.024000167846679688 19.947999954223632812 19.80500030517578125 19.70800018310546875 19.893999099731445312 20.211999893188476562 21.145999908447265625 22.12599945068359375 23.155000686645507812 24.226999282836914062 26.502000808715820312 30.559000015258789062 37.47299957275390625 40.332000732421875 41.912998199462890625
10.850000381469726562 9.9540004730224609375 9.7349996566772460938 9.5159997940063476562 9.2969999313354492188 9.076999664306640625 8.8579998016357421875 8.63899993896484375 8.4200000762939453125 8.201999664306640625 8.0410003662109375 7.98600006103515625 8.1370000839233398438 8.3669996261596679688 8.5930004119873046875 8.81999969482421875 9.0439996719360351562 9.2690000534057617188 9.4940004348754882812 9.7189998626708984375 9.944000244140625 12.109000205993652344 15.142000198364257812 16.283000946044921875 17.434999465942382812 18.256000518798828125 18.761999130249023438 18.853000640869140625 18.784999847412109375 18.733999252319335938 18.76300048828125 18.947999954223632812 19.412000656127929688 19.996000289916992188 21.062999725341796875 22.149000167846679688 23.231000900268554688 24.326000213623046875 27.006000518798828125 37.03900146484375 40.31800079345703125 41.897998809814453125
10.817999839782714844 9.9479999542236328125 9.729000091552734375 9.5100002288818359375 9.2910003662109375 9.0719995498657226562 8.8529996871948242188 8.6330003738403320312 8.4139995574951171875 8.19499969482421875 7.9759998321533203125 7.7810001373291015625 8.0059995651245117188 8.2309999465942382812 8.4560003280639648438 8.6820001602172851562 8.9069995880126953125 9.131999969482421875 9.3570003509521484375 9.5819997787475585938 9.8070001602172851562 10.489999771118164062 13.852999687194824219 15.758999824523925781 16.62400054931640625 17.142000198364257812 17.641000747680664062 17.650999069213867188 17.659999847412109375 17.754999160766601562 17.816999435424804688 18.142999649047851562 18.676000595092773438 19.33300018310546875 20.058000564575195312 21.146999359130859375 22.239000320434570312 23.315999984741210938 24.56800079345703125 29.788999557495117188 40.22299957275390625 41.1360015869140625
10.703000068664550781 9.9200000762939453125 9.6979999542236328125 9.4750003814697265625 9.2530002593994140625 9.0299997329711914062 8.805999755859375 8.5819997787475585938 8.3570003509521484375 8.1160001754760742188 7.8340001106262207031 7.6469998359680175781 7.8379998207092285156 8.0810003280639648438 8.31999969482421875 8.5500001907348632812 8.7790002822875976562 9.0039997100830078125 9.229000091552734375 9.4549999237060546875 9.68000030517578125 9.9049997329711914062 12.081000328063964844 15 15.508999824523925781 16.0279998779296875 16.479999542236328125 16.447999954223632812 16.537000656127929688 16.767999649047851562 16.872999191284179688 17.386999130249023438 17.975999832153320312 18.680999755859375 19.3339996337890625 20.065000534057617188 21.142000198364257812 22.229000091552734375 25.631000518798828125 28.194000244140625 32.312999725341796875 40.3170013427734375
10.414999961853027344 9.8559999465942382812 9.631999969482421875 9.4079999923706054688 9.1829996109008789062 8.9589996337890625 8.7340002059936523438 8.4820003509521484375 8.1999998092651367188 7.9180002212524414062 7.6350002288818359375 7.5269999504089355469 7.6529998779296875 7.895999908447265625 8.13899993896484375 8.381999969482421875 8.625 8.8599996566772460938 9.090000152587890625 9.319000244140625 9.548999786376953125 9.77700042724609375 10.038999557495117188 13.7220001220703125 15 15 15.300000190734863281 15.248999595642089844 15.413000106811523438 15.746999740600585938 16.121999740600585938 16.63800048828125 17.323999404907226562 17.937000274658203125 18.613000869750976562 19.3209991455078125 20.052999496459960938 21.704000473022460938 24.270999908447265625 24.187999725341796875 24.490999221801757812 31.7779998779296875
10.048999786376953125 9.784999847412109375 9.5609998703002929688 9.3360004425048828125 9.1099996566772460938 8.8489999771118164062 8.5659999847412109375 8.284000396728515625 8.0019998550415039062 7.7189998626708984375 7.4369997978210449219 7.4070000648498535156 7.4670000076293945312 7.7100000381469726562 7.9530000686645507812 8.1960000991821289062 8.4390001296997070312 8.6820001602172851562 8.9250001907348632812 9.1680002212524414062 9.3990001678466796875 9.6289997100830078125 9.8590002059936523438 11.267000198364257812 13.812000274658203125 13.831000328063964844 13.94499969482421875 13.977000236511230469 14.335000038146972656 14.857000350952148438 15.3339996337890625 15.942000389099121094 16.55500030517578125 17.18199920654296875 17.891000747680664062 18.615999221801757812 19.341999053955078125 20.339000701904296875 21.3209991455078125 22.469999313354492188 23.525999069213867188 24.516000747680664062
9.937999725341796875 9.7130002975463867188 9.48600006103515625 9.215000152587890625 8.9329996109008789062 8.6499996185302734375 8.368000030517578125 8.0860004425048828125 7.8029999732971191406 7.520999908447265625 7.2940001487731933594 7.2870001792907714844 7.2810001373291015625 7.5240001678466796875 7.7670001983642578125 8.0100002288818359375 8.2530002593994140625 8.4960002899169921875 8.7390003204345703125 8.9820003509521484375 9.2250003814697265625 9.4680004119873046875 9.7089996337890625 9.9390001296997070312 11.61100006103515625 12.265999794006347656 12.562999725341796875 12.878000259399414062 13.505999565124511719 14.046999931335449219 14.590999603271484375 15.173000335693359375 15.786000251770019531 16.461000442504882812 17.180999755859375 17.850999832153320312 18.552000045776367188 19.441999435424804688 20.448999404907226562 21.552000045776367188 22.5839996337890625 23.690000534057617188
9.8620004653930664062 9.5810003280639648438 9.298999786376953125 9.0170001983642578125 8.7340002059936523438 8.451999664306640625 8.1700000762939453125 7.8870000839233398438 7.6050000190734863281 7.3229999542236328125 7.173999786376953125 7.16699981689453125 7.1609997749328613281 7.3390002250671386719 7.5819997787475585938 7.8249998092651367188 8.0679998397827148438 8.3109998703002929688 8.5539999008178710938 8.7969999313354492188 9.0399999618530273438 9.2829999923706054688 9.5260000228881835938 9.7690000534057617188 10.085000038146972656 11.154999732971191406 11.423999786376953125 12.109000205993652344 12.770999908447265625 13.2910003662109375 13.876999855041503906 14.446000099182128906 15.019000053405761719 15.689999580383300781 16.3600006103515625 17.030000686645507812 17.840999603271484375 18.688999176025390625 19.700000762939453125 20.819000244140625 21.927000045776367188 22.812999725341796875
