inst/dem_lisbon_raster.asc
ncols        200
nrows        133
xllcorner    -88285.000000000000
yllcorner    -106485.000000000000
cellsize     10.000000000000
NODATA_value nan
[rows 0 to 18 of 133, columns 0 to 41 of 200]
75.5260009765625 75.42299652099609375 75.30699920654296875 75.1869964599609375 75 73.92299652099609375 71.94300079345703125 70.4929962158203125 69.4739990234375 68.12999725341796875 66.91699981689453125 64.84200286865234375 63.22499847412109375 61.9720001220703125 60.69300079345703125 59.4010009765625 58.381000518798828125 56.56800079345703125 55.404998779296875 54.55300140380859375 53.30500030517578125 52.007999420166015625 50.907001495361328125 49.383998870849609375 47.298000335693359375 45.154998779296875 43.6529998779296875 42.62799835205078125 41.805999755859375 40.824001312255859375 39.65200042724609375 37.62400054931640625 35.63899993896484375 34.176998138427734375 32.923999786376953125 31.645999908447265625 30.233999252319335938 29.06999969482421875 27.961000442504882812 26.826000213623046875 25.7910003662109375 24.739000320434570312
75.8000030517578125 75.68199920654296875 75.48699951171875 75.1920013427734375 75 75 75 73.4680023193359375 72.27500152587890625 70.9680023193359375 69.86699676513671875 68.2610015869140625 66.61299896240234375 65.22899627685546875 64.31099700927734375 63.39099884033203125 62.286998748779296875 60.948001861572265625 59.352001190185546875 57.953998565673828125 56.6100006103515625 55.26599884033203125 53.981998443603515625 52.66699981689453125 51.18199920654296875 49.297000885009765625 46.769001007080078125 44.6269989013671875 43.492000579833984375 42.45600128173828125 41.383998870849609375 40.24900054931640625 38.4160003662109375 36.173000335693359375 34.34400177001953125 32.967998504638671875 31.518999099731445312 30.003999710083007812 28.867000579833984375 27.801000595092773438 26.77899932861328125 25.756999969482421875
76.05100250244140625 75.7559967041015625 75.46099853515625 75.16699981689453125 75 75 75 75 74.98200225830078125 73.61199951171875 72.52899932861328125 71.535003662109375 70.59200286865234375 69.37000274658203125 68.375 67.25099945068359375 66.3119964599609375 65.496002197265625 63.87599945068359375 61.506000518798828125 59.827999114990234375 58.40000152587890625 57.049999237060546875 55.60900115966796875 54.254001617431640625 52.604999542236328125 50.6100006103515625 48.020000457763671875 45.408000946044921875 44.088001251220703125 42.963001251220703125 41.827999114990234375 40.7239990234375 39.0970001220703125 36.659000396728515625 34.30899810791015625 32.832000732421875 31.26399993896484375 29.788000106811523438 28.739000320434570312 27.690999984741210938 26.642000198364257812
76.02500152587890625 75.7310028076171875 75.43599700927734375 75.14099884033203125 75 75 75 75 75 75 75 74.430999755859375 73.59200286865234375 72.5619964599609375 71.54199981689453125 70.53800201416015625 69.5260009765625 68.503997802734375 67.30699920654296875 65.16300201416015625 63.19499969482421875 61.49900054931640625 59.8079986572265625 58.337001800537109375 57.05500030517578125 55.713001251220703125 54.004001617431640625 51.925998687744140625 48.826999664306640625 46.355998992919921875 44.591999053955078125 43.476001739501953125 42.495998382568359375 41.24900054931640625 39.94100189208984375 36.574001312255859375 34.105998992919921875 32.547000885009765625 30.937000274658203125 29.538000106811523438 28.489999771118164062 27.4589996337890625
76 75.7050018310546875 75.41100311279296875 75.115997314453125 75 75 75 75 75 75 75 75 75.0110015869140625 75.11699676513671875 74.53399658203125 73.47299957275390625 72.3489990234375 71.36100006103515625 70.4290008544921875 69.125 67.4850006103515625 64.65000152587890625 62.930999755859375 61.269001007080078125 59.773998260498046875 58.43399810791015625 56.9739990234375 55.550998687744140625 53.076999664306640625 49.5 47.30899810791015625 45.5019989013671875 44.257999420166015625 43.0279998779296875 41.61299896240234375 40.092998504638671875 36.243000030517578125 33.841999053955078125 32.214000701904296875 30.538999557495117188 29.30699920654296875 28.316999435424804688
75.97499847412109375 75.68000030517578125 75.38500213623046875 75.09100341796875 75 75 75 75 75 75 75 75 75.25800323486328125 75.63500213623046875 75.52100372314453125 75.2949981689453125 75.04799652099609375 74.09400177001953125 73.1620025634765625 72.2429962158203125 71.292999267578125 68.759002685546875 66.4550018310546875 66.82700347900390625 63.479999542236328125 61.395999908447265625 59.604000091552734375 58.082000732421875 56.632999420166015625 55.145000457763671875 50.58100128173828125 48.29000091552734375 46.519001007080078125 44.63700103759765625 43.11100006103515625 41.58499908447265625 40.08499908447265625 35.423999786376953125 33.505001068115234375 31.858999252319335938 30.214000701904296875 29.1790008544921875
75.94899749755859375 75.654998779296875 75.3600006103515625 75.06500244140625 75 75 75 75 75 75 75 75.1269989013671875 75.503997802734375 75.8809967041015625 76.13800048828125 75.9199981689453125 75.677001953125 75.430999755859375 75.19499969482421875 74.8470001220703125 73.8939971923828125 71.9629974365234375 70.61499786376953125 71.1139984130859375 70.07399749755859375 67.69899749755859375 63.463001251220703125 61.047000885009765625 59.782001495361328125 57.980998992919921875 55.94699859619140625 52.56600189208984375 48.841999053955078125 46.72100067138671875 44.602001190185546875 43.0839996337890625 41.6529998779296875 40.2350006103515625 37.66500091552734375 35.397998809814453125 31.600999832153320312 30.006000518798828125
75.90899658203125 75.628997802734375 75.33499908447265625 75.04000091552734375 75 75 75 75 75 75 75 75.3730010986328125 75.75 76.1269989013671875 76.503997802734375 76.54199981689453125 76.305999755859375 76.05999755859375 75.82599639892578125 75.595001220703125 75.37799835205078125 75.1750030517578125 74.87599945068359375 73.80300140380859375 72.697998046875 71.36100006103515625 68.56600189208984375 65.792999267578125 63.5970001220703125 60.563999176025390625 58.287998199462890625 57.159999847412109375 54.162998199462890625 48.995998382568359375 46.68000030517578125 44.59400177001953125 43.15599822998046875 41.716999053955078125 40.2760009765625 34.631000518798828125 32.995998382568359375 31.466999053955078125
75.694000244140625 75.53099822998046875 75.30899810791015625 75.0149993896484375 75 75 75 75 75 75 75.2429962158203125 75.62000274658203125 75.99700164794921875 76.37400054931640625 76.75099945068359375 77.12799835205078125 76.93599700927734375 76.69000244140625 76.45800018310546875 76.23799896240234375 76.035003662109375 75.8170013427734375 75.569000244140625 75.3079986572265625 75.0370025634765625 73.63300323486328125 71.69699859619140625 69.1309967041015625 66.7050018310546875 65.0709991455078125 62.495998382568359375 60.1230010986328125 57.384998321533203125 55.0579986572265625 48.978000640869140625 46.606998443603515625 44.5709991455078125 43.104999542236328125 41.56800079345703125 40.064998626708984375 34.355998992919921875 32.814998626708984375
75.4940032958984375 75.322998046875 75.15899658203125 75 75 75 75 75 75 75.11199951171875 75.4889984130859375 75.865997314453125 76.2429962158203125 76.62000274658203125 76.99700164794921875 77.37400054931640625 77.5619964599609375 77.3209991455078125 77.0970001220703125 76.88899993896484375 76.641998291015625 76.37000274658203125 76.02300262451171875 75.6360015869140625 75.2480010986328125 75 73.910003662109375 71.358001708984375 68.8730010986328125 67.2649993896484375 65.69499969482421875 63.98400115966796875 60.422000885009765625 57.883998870849609375 54.12799835205078125 48.629001617431640625 46.258998870849609375 44.3489990234375 42.81999969482421875 41.22499847412109375 38.41500091552734375 33.992000579833984375
75.29000091552734375 75.12200164794921875 75 75 75 75 75 75 75 75.358001708984375 75.7350006103515625 76.11199951171875 76.4889984130859375 76.865997314453125 77.2429962158203125 77.62000274658203125 77.99700164794921875 77.95600128173828125 77.69300079345703125 77.30500030517578125 76.91699981689453125 76.529998779296875 76.141998291015625 75.75499725341796875 75.36699676513671875 75 75 74.5780029296875 70.8040008544921875 68.41699981689453125 67.42400360107421875 66.22899627685546875 65.18000030517578125 61.589000701904296875 57.602001190185546875 50.7760009765625 47.911998748779296875 45.687999725341796875 43.858001708984375 42.366001129150390625 40.83499908447265625 34.97299957275390625
75.08100128173828125 74.71099853515625 74.9420013427734375 75 75 75 75 75 75.227996826171875 75.60500335693359375 75.98200225830078125 76.35900115966796875 76.73600006103515625 77.11299896240234375 77.48999786376953125 77.76300048828125 78.0070037841796875 78.0449981689453125 77.8119964599609375 77.42400360107421875 77.0370025634765625 76.6490020751953125 76.26200103759765625 75.87400054931640625 75.48600006103515625 75.0989990234375 75 75 75 69.61299896240234375 68.29599761962890625 67.09999847412109375 66.11299896240234375 64.80100250244140625 60.448001861572265625 55.49900054931640625 49.296001434326171875 47.047000885009765625 44.754001617431640625 43.16899871826171875 41.66500091552734375 40.104999542236328125
74.44100189208984375 73.944000244140625 73.84400177001953125 74.08599853515625 74.32700347900390625 75 75 75.0970001220703125 75.4739990234375 75.8509979248046875 76.227996826171875 76.529998779296875 76.7740020751953125 77.01799774169921875 77.26200103759765625 77.50499725341796875 77.74900054931640625 77.68000030517578125 77.61199951171875 77.427001953125 77.15599822998046875 76.76799774169921875 76.3809967041015625 75.9929962158203125 75.6060028076171875 75.2180023193359375 75 75 75 71.20999908447265625 69.0189971923828125 67.9160003662109375 66.69300079345703125 65.447998046875 62.2949981689453125 58.2050018310546875 52.049999237060546875 48.187000274658203125 45.604000091552734375 43.779998779296875 42.200000762939453125 40.5540008544921875
73.542999267578125 73.06999969482421875 72.74700164794921875 72.98799896240234375 73.23000335693359375 74.08599853515625 75 75.29599761962890625 75.54000091552734375 75.78399658203125 76.02899932861328125 76.27300262451171875 76.51599884033203125 76.759002685546875 77.00299835205078125 77.24900054931640625 77.384002685546875 77.31600189208984375 77.24700164794921875 77.17800140380859375 77.03099822998046875 76.7559967041015625 76.48699951171875 76.11299896240234375 75.72499847412109375 75.33699798583984375 75 75 74.2440032958984375 72.08899688720703125 69.69899749755859375 68.43000030517578125 67.16300201416015625 65.884002685546875 63.939998626708984375 61.034999847412109375 56.064998626708984375 49.382999420166015625 46.59999847412109375 44.268001556396484375 42.5989990234375 40.9290008544921875
72.64499664306640625 72.10700225830078125 71.8119964599609375 71.89099884033203125 72.25800323486328125 72.81600189208984375 73.8509979248046875 75.03900146484375 75.28299713134765625 75.5279998779296875 75.77100372314453125 76.01399993896484375 76.2570037841796875 76.50099945068359375 76.746002197265625 77.009002685546875 77.01999664306640625 76.95099639892578125 76.8820037841796875 76.81400299072265625 76.74500274658203125 76.647003173828125 76.35399627685546875 76.08499908447265625 75.81600189208984375 75.457000732421875 75.069000244140625 75 73.05100250244140625 71.4420013427734375 70.24199676513671875 68.9889984130859375 67.697998046875 66.20600128173828125 64.50099945068359375 62.009998321533203125 59.96099853515625 52.38700103759765625 47.798000335693359375 44.881999969482421875 43.0709991455078125 41.259998321533203125
71.5989990234375 71.1439971923828125 70.8769989013671875 70.79399871826171875 70.85700225830078125 71.3489990234375 72.41400146484375 73.7819976806640625 75.0260009765625 75.2689971923828125 75.51200103759765625 75.75499725341796875 75.99900054931640625 76.2440032958984375 76.4929962158203125 76.7239990234375 76.654998779296875 76.58599853515625 76.51799774169921875 76.44899749755859375 76.37999725341796875 76.3119964599609375 76.2429962158203125 75.957000732421875 75.6829986572265625 75.41400146484375 75.14499664306640625 74.3730010986328125 73.17299652099609375 71.97299957275390625 70.772003173828125 69.51300048828125 68.04900360107421875 66.5670013427734375 64.9739990234375 63.009998321533203125 61.047000885009765625 56.81600189208984375 49.36199951171875 46.15599822998046875 43.80500030517578125 41.84600067138671875
70.53800201416015625 70.2050018310546875 69.552001953125 68.417999267578125 67.97499847412109375 69.43599700927734375 70.904998779296875 72.29900360107421875 73.73699951171875 75.01000213623046875 75.25299835205078125 75.496002197265625 75.740997314453125 75.98799896240234375 76.2519989013671875 76.35900115966796875 76.29000091552734375 76.2220001220703125 76.1529998779296875 76.0839996337890625 76.01599884033203125 75.94699859619140625 75.878997802734375 75.80999755859375 75.5630035400390625 75.28099822998046875 75.01200103759765625 74.01000213623046875 72.97299957275390625 71.81500244140625 70.6269989013671875 69.878997802734375 68.365997314453125 66.77700042724609375 65.1880035400390625 63.269001007080078125 61.702999114990234375 60.02500152587890625 52.38899993896484375 48.44699859619140625 44.520999908447265625 42.555999755859375
67.77500152587890625 66.27500152587890625 64.94499969482421875 65 65 66.595001220703125 69.05500030517578125 70.91500091552734375 72.332000732421875 73.6490020751953125 74.97100067138671875 75.2389984130859375 75.4850006103515625 75.73799896240234375 76.0260009765625 75.9940032958984375 75.92600250244140625 75.85700225830078125 75.78900146484375 75.720001220703125 75.6510009765625 75.58300018310546875 75.51399993896484375 75.44499969482421875 75.3769989013671875 75.17400360107421875 74.58899688720703125 73.5879974365234375 72.4739990234375 71.42400360107421875 70.3730010986328125 69.37599945068359375 68.12599945068359375 66.73799896240234375 65.391998291015625 63.715999603271484375 62.00099945068359375 60.37599945068359375 54.25099945068359375 50.5839996337890625 45.9720001220703125 43.448001861572265625
64.5019989013671875 64.13300323486328125 63.86199951171875 64.2180023193359375 64.802001953125 65 67.35199737548828125 69.3690032958984375 70.95999908447265625 72.378997802734375 73.66699981689453125 74.91100311279296875 75.2310028076171875 75.49700164794921875 75.69899749755859375 75.62999725341796875 75.56099700927734375 75.4929962158203125 75.42400360107421875 75.35500335693359375 75.2870025634765625 75.2180023193359375 75.1490020751953125 75.08100128173828125 75.01200103759765625 75 74.358001708984375 73.31600189208984375 72.2740020751953125 71.2310028076171875 70.19100189208984375 69.01200103759765625 67.81099700927734375 66.6100006103515625 65.40899658203125 63.98600006103515625 62.40599822998046875 60.78099822998046875 55.52500152587890625 52.133998870849609375 48.714000701904296875 44.375
