inst/dem_lisbon_raster.asc
ncols        200
nrows        133
xllcorner    -88285.000000000000
yllcorner    -106485.000000000000
cellsize     10.000000000000
NODATA_value nan
[rows 57 to 75 of 133, columns 0 to 41 of 200]
43.45999908447265625 44.34400177001953125 46.092998504638671875 47.74900054931640625 49.59799957275390625 52.573001861572265625 55.311000823974609375 56.94699859619140625 58.367000579833984375 59.687999725341796875 61.147998809814453125 62.332000732421875 63.0839996337890625 63.43000030517578125 63.62599945068359375 63.68399810791015625 63.728000640869140625 63.490001678466796875 63.3079986572265625 63.146999359130859375 62.76200103759765625 62.370998382568359375 62.410999298095703125 62.131000518798828125 62.13899993896484375 61.97299957275390625 61.77500152587890625 61.534000396728515625 61.3339996337890625 61.159000396728515625 60.935001373291015625 60.641998291015625 60.26300048828125 59.757999420166015625 59.042999267578125 58.35900115966796875 57.532001495361328125 56.520999908447265625 55.605998992919921875 54.269001007080078125 52.72299957275390625 51.185001373291015625
42.0540008544921875 42.944000244140625 45.273998260498046875 47.104999542236328125 49.12599945068359375 51.798000335693359375 54.549999237060546875 56.186000823974609375 57.591999053955078125 58.756999969482421875 59.51200103759765625 59.936000823974609375 60.42800140380859375 60.685001373291015625 60.853000640869140625 60.923999786376953125 60.993999481201171875 60.9980010986328125 60.965000152587890625 61.02500152587890625 60.884998321533203125 60.7779998779296875 60.81800079345703125 60.73799896240234375 60.768001556396484375 60.798000335693359375 60.6829986572265625 60.5279998779296875 60.41899871826171875 60.255001068115234375 60.077999114990234375 59.84799957275390625 59.534999847412109375 59.09400177001953125 58.506999969482421875 57.699001312255859375 56.893001556396484375 56.0839996337890625 55.0670013427734375 53.73400115966796875 52.175998687744140625 50.618000030517578125
40.311000823974609375 40.98600006103515625 42.404998779296875 45.868999481201171875 48.105998992919921875 50.90200042724609375 53.48600006103515625 55.5709991455078125 56.83100128173828125 57.79199981689453125 58.425998687744140625 58.81999969482421875 59.023998260498046875 59.1790008544921875 59.327999114990234375 59.26399993896484375 59.29199981689453125 59.3209991455078125 59.269001007080078125 59.300998687744140625 59.3470001220703125 59.383998870849609375 59.41400146484375 59.504001617431640625 59.52700042724609375 59.550998687744140625 59.5449981689453125 59.505001068115234375 59.395000457763671875 59.3209991455078125 59.141998291015625 58.976001739501953125 58.741001129150390625 58.395999908447265625 57.86299896240234375 57.256999969482421875 56.439998626708984375 55.564998626708984375 54.5110015869140625 53.145000457763671875 51.785999298095703125 50.228000640869140625
37.73400115966796875 38.286998748779296875 39.792999267578125 42.18399810791015625 46.34600067138671875 49.644001007080078125 52.217998504638671875 54.8040008544921875 55.993999481201171875 56.712001800537109375 57.3079986572265625 57.75099945068359375 57.9550018310546875 58.199001312255859375 58.44300079345703125 58.23400115966796875 58.186000823974609375 58.214000701904296875 58.0260009765625 58.0579986572265625 58.144001007080078125 58.1790008544921875 58.255001068115234375 58.42800140380859375 58.452999114990234375 58.476001739501953125 58.467998504638671875 58.465999603271484375 58.35900115966796875 58.368999481201171875 58.202999114990234375 58.087001800537109375 57.950000762939453125 57.673000335693359375 57.216999053955078125 56.632999420166015625 56.006000518798828125 55.174999237060546875 53.963001251220703125 52.616001129150390625 51.26399993896484375 49.825000762939453125
35.768001556396484375 37.353000640869140625 38.938999176025390625 40.535999298095703125 43.698001861572265625 45.534000396728515625 50.409999847412109375 52.5149993896484375 55.00299835205078125 55.6660003662109375 56.340999603271484375 56.729999542236328125 56.9739990234375 57.217998504638671875 57.463001251220703125 57.42800140380859375 57.078998565673828125 57.08599853515625 56.786998748779296875 56.814998626708984375 56.9420013427734375 56.9739990234375 57.200000762939453125 57.352001190185546875 57.379001617431640625 57.40200042724609375 57.404998779296875 57.426998138427734375 57.341999053955078125 57.368000030517578125 57.2649993896484375 57.203998565673828125 57.089000701904296875 56.908000946044921875 56.5260009765625 56.04000091552734375 55.40200042724609375 54.569000244140625 53.394001007080078125 52.104000091552734375 50.768001556396484375 49.38800048828125
36.2220001220703125 37.7779998779296875 39.259998321533203125 40.70600128173828125 42.7389984130859375 44.924999237060546875 46.076999664306640625 48.828998565673828125 50 53.6230010986328125 55.506000518798828125 55.75 55.993999481201171875 56.23799896240234375 56.481998443603515625 56.673999786376953125 56.159999847412109375 55.953998565673828125 55.595001220703125 55.578998565673828125 55.7389984130859375 55.895999908447265625 56.141998291015625 56.2760009765625 56.30300140380859375 56.326000213623046875 56.341999053955078125 56.368999481201171875 56.328998565673828125 56.354999542236328125 56.326000213623046875 56.2910003662109375 56.203998565673828125 56.09600067138671875 55.80899810791015625 55.34799957275390625 54.61299896240234375 53.3170013427734375 52.36299896240234375 51.2910003662109375 50.144001007080078125 48.83300018310546875
37.950000762939453125 39.356998443603515625 40.6790008544921875 41.923000335693359375 43.229999542236328125 44.727001190185546875 46.625 48.423000335693359375 50.243000030517578125 53.69100189208984375 55 55 55.01300048828125 55.257999420166015625 55.5019989013671875 55.745998382568359375 55.421001434326171875 54.618000030517578125 53.743999481201171875 53.680999755859375 54.11100006103515625 54.658000946044921875 55.074001312255859375 55.199001312255859375 55.227001190185546875 55.25099945068359375 55.2779998779296875 55.30500030517578125 55.31600189208984375 55.341999053955078125 55.368000030517578125 55.34999847412109375 55.324001312255859375 55.254001617431640625 55.055999755859375 53.94300079345703125 52.715000152587890625 52.08499908447265625 51.021999359130859375 50.157001495361328125 48.78099822998046875 47.759998321533203125
39.560001373291015625 40.80300140380859375 42.01399993896484375 43.2779998779296875 44.54199981689453125 46.6829986572265625 49.256999969482421875 51.368999481201171875 53.976001739501953125 55.0839996337890625 55 55 55 55 55 55 54.2050018310546875 52.319000244140625 51.1829986572265625 51.22100067138671875 51.796001434326171875 52.450000762939453125 53.212001800537109375 53.73799896240234375 53.7779998779296875 54.27700042724609375 54.187999725341796875 54.215999603271484375 53.979999542236328125 53.970001220703125 54.009998321533203125 53.673000335693359375 53.483001708984375 53.009998321533203125 52.2949981689453125 51.282001495361328125 50.542999267578125 49.78900146484375 48.921001434326171875 47.787998199462890625 46.909999847412109375 46.033000946044921875
40.97100067138671875 42.13899993896484375 43.3209991455078125 44.58499908447265625 46.9739990234375 49.936000823974609375 52.073001861572265625 54.616001129150390625 55.167999267578125 55.282001495361328125 55.1510009765625 55.019001007080078125 55 55 55 54.800998687744140625 52.199001312255859375 50 50 49.812000274658203125 49.8209991455078125 50.661998748779296875 51.80699920654296875 52.188999176025390625 53.20999908447265625 53.30899810791015625 53.408000946044921875 53.117000579833984375 53.145000457763671875 52.41500091552734375 52.4550018310546875 51.686000823974609375 51.145999908447265625 50.340999603271484375 49.685001373291015625 49.087001800537109375 48.201999664306640625 47.226001739501953125 45.509998321533203125 44.8860015869140625 44.7610015869140625 44.5149993896484375
42.145999908447265625 43.38899993896484375 44.644001007080078125 47.074001312255859375 49.95999908447265625 51.896999359130859375 54.35900115966796875 55.189998626708984375 55.40399932861328125 55.479999542236328125 55.3489990234375 55.216999053955078125 55.08599853515625 55 55 53.018001556396484375 50.395000457763671875 49.54399871826171875 49.202999114990234375 48.86100006103515625 49.0410003662109375 49.662998199462890625 50.59999847412109375 51.69499969482421875 52.241001129150390625 52.340999603271484375 52.439998626708984375 52.34799957275390625 52.0449981689453125 51.51599884033203125 50.90000152587890625 50.06999969482421875 49.56800079345703125 49.075000762939453125 48.58300018310546875 47.76399993896484375 46.759998321533203125 45.313999176025390625 44.6139984130859375 44.076999664306640625 43.717998504638671875 43.394001007080078125
43.171001434326171875 44.481998443603515625 46.648998260498046875 49.4160003662109375 51.30699920654296875 53.314998626708984375 55.062999725341796875 55.337001800537109375 55.61100006103515625 55.67800140380859375 55.534999847412109375 55.375 55.215999603271484375 55.055999755859375 53.54000091552734375 51.16699981689453125 49.453998565673828125 48.592998504638671875 48.2519989013671875 47.910999298095703125 48.299999237060546875 49.048999786376953125 50.08499908447265625 51.173999786376953125 51.272998809814453125 51.37200164794921875 51.4720001220703125 51.5709991455078125 51.243000030517578125 50.8489990234375 49.8639984130859375 49.258998870849609375 48.782001495361328125 48.172000885009765625 47.55699920654296875 46.84600067138671875 45.84400177001953125 44.6959991455078125 43.957000732421875 43.323001861572265625 42.785999298095703125 42.51200103759765625
44.159999847412109375 45.840000152587890625 48.81600189208984375 50.81800079345703125 52.233001708984375 54.00299835205078125 55.088001251220703125 55.33300018310546875 55.51300048828125 55.534000396728515625 55.37799835205078125 55.220001220703125 55.061000823974609375 53.45800018310546875 51.021999359130859375 49.59400177001953125 48.608001708984375 47.741001129150390625 47.300998687744140625 47.0540008544921875 47.574001312255859375 48.494998931884765625 49.589000701904296875 50.20600128173828125 50.30500030517578125 50.40399932861328125 50.50299835205078125 50.603000640869140625 50.701999664306640625 50.13700103759765625 49.340000152587890625 48.58100128173828125 47.983001708984375 47.44699859619140625 46.77700042724609375 46.04000091552734375 45.103000640869140625 44.22100067138671875 43.448001861572265625 42.756000518798828125 42.03099822998046875 41.507999420166015625
44.7649993896484375 47.784999847412109375 50.380001068115234375 51.590000152587890625 52.800998687744140625 54.0110015869140625 55.008998870849609375 55.1790008544921875 55.3079986572265625 55.326999664306640625 55.215000152587890625 55.061000823974609375 53.30500030517578125 50.532001495361328125 49.312000274658203125 48.44300079345703125 47.620998382568359375 46.970001220703125 46.351001739501953125 46.2760009765625 46.99900054931640625 47.827999114990234375 49.006000518798828125 50 50 50 50 50 50 49.7239990234375 48.812999725341796875 48.07199859619140625 47.30300140380859375 46.716999053955078125 46.048999786376953125 45.337001800537109375 44.5019989013671875 43.62400054931640625 42.869998931884765625 42.200000762939453125 41.533000946044921875 40.81999969482421875
45.891998291015625 49.620998382568359375 50.90200042724609375 51.93399810791015625 52.923000335693359375 53.75099945068359375 54.448001861572265625 54.96900177001953125 55.09600067138671875 55.11299896240234375 55.050998687744140625 53.672000885009765625 50.91899871826171875 49.1699981689453125 48.187999725341796875 47.285999298095703125 46.43000030517578125 45.70600128173828125 45.326000213623046875 45.504001617431640625 46.075000762939453125 47.0670013427734375 48.381999969482421875 49.898998260498046875 50 50 50 50 50 49.28099822998046875 48.37599945068359375 47.457000732421875 46.740001678466796875 46.04399871826171875 45.3769989013671875 44.590000152587890625 43.7480010986328125 42.91500091552734375 42.160999298095703125 41.51599884033203125 40.951999664306640625 40.30699920654296875
47.05500030517578125 50.11100006103515625 51.076999664306640625 51.923999786376953125 52.73600006103515625 53.444000244140625 54.04199981689453125 54.144001007080078125 54.255001068115234375 54.494998931884765625 53.30500030517578125 51.55699920654296875 49.423000335693359375 48.162998199462890625 47.12200164794921875 46.187999725341796875 45.258998870849609375 44.470001220703125 44.382999420166015625 44.476001739501953125 44.9850006103515625 46.207000732421875 47.606998443603515625 49.300998687744140625 51.227001190185546875 51.5279998779296875 51.28900146484375 51.048999786376953125 49.86299896240234375 48.869998931884765625 47.870998382568359375 46.98600006103515625 46.101001739501953125 45.407001495361328125 44.66400146484375 43.798999786376953125 42.9459991455078125 42.106998443603515625 41.326999664306640625 40.68199920654296875 40.161998748779296875 39.615001678466796875
47.548999786376953125 50.15200042724609375 51.022998809814453125 51.784999847412109375 52.4589996337890625 53.05699920654296875 53.480998992919921875 53.296001434326171875 53.01399993896484375 53.05899810791015625 51.394001007080078125 49.688999176025390625 48.44300079345703125 47.18199920654296875 46.08300018310546875 45.120998382568359375 43.97299957275390625 43.203998565673828125 43.200000762939453125 43.5800018310546875 44.26399993896484375 45.286998748779296875 47.0019989013671875 48.72100067138671875 50.5279998779296875 52.5970001220703125 52.992000579833984375 50.953998565673828125 49.438999176025390625 48.38800048828125 47.354000091552734375 46.439998626708984375 45.523998260498046875 44.7350006103515625 43.898998260498046875 43.078998565673828125 42.1790008544921875 41.301998138427734375 40.463001251220703125 39.68199920654296875 39.04399871826171875 38.743999481201171875
47.812999725341796875 50.12200164794921875 50.87599945068359375 51.4739990234375 52.07199859619140625 52.63800048828125 52.632999420166015625 52.449001312255859375 52.20800018310546875 51.617000579833984375 49.96900177001953125 48.5839996337890625 47.34600067138671875 46.1829986572265625 45.032001495361328125 43.74900054931640625 42.625 41.98799896240234375 42.19499969482421875 42.8470001220703125 43.800998687744140625 44.823001861572265625 46.451999664306640625 48.1139984130859375 49.79000091552734375 51.703998565673828125 51.801998138427734375 50.23799896240234375 49.05899810791015625 47.994998931884765625 46.93000030517578125 45.868999481201171875 44.910999298095703125 44.069000244140625 43.270000457763671875 42.367000579833984375 41.493000030517578125 40.5839996337890625 39.561000823974609375 38.564998626708984375 37.87200164794921875 37.698001861572265625
47.881999969482421875 50 50.4889984130859375 51.087001800537109375 51.685001373291015625 51.970001220703125 51.784999847412109375 51.601001739501953125 51.202999114990234375 50.245998382568359375 48.880001068115234375 47.493999481201171875 46.187999725341796875 45.004001617431640625 43.662998199462890625 42.34799957275390625 41.27700042724609375 40.80500030517578125 41.43199920654296875 42.298000335693359375 43.3860015869140625 44.437999725341796875 45.923000335693359375 47.615001678466796875 49.105998992919921875 50 50 49.65200042724609375 48.560001373291015625 47.4889984130859375 46.43000030517578125 45.370998382568359375 44.452999114990234375 43.601001739501953125 42.76200103759765625 41.819000244140625 40.965000152587890625 40.00099945068359375 38.574001312255859375 37.4420013427734375 36.699001312255859375 36.7519989013671875
47.702999114990234375 49.507999420166015625 50.102001190185546875 50.700000762939453125 51.186000823974609375 51.12200164794921875 50.937999725341796875 50.75299835205078125 50.479999542236328125 49.15599822998046875 47.699001312255859375 46.365001678466796875 45.029998779296875 43.685001373291015625 42.332000732421875 40.965999603271484375 40 40 40.825000762939453125 41.7610015869140625 42.84799957275390625 44.0839996337890625 45.437999725341796875 46.963001251220703125 48.43000030517578125 49.41699981689453125 49.457000732421875 49.0110015869140625 47.9889984130859375 46.970001220703125 45.891998291015625 44.867000579833984375 44.0260009765625 43.18399810791015625 42.337001800537109375 41.465000152587890625 40.57199859619140625 39.325000762939453125 37.7389984130859375 36.323001861572265625 35.52700042724609375 35.661998748779296875
