inst/dem_lisbon_raster.asc
ncols        200
nrows        133
xllcorner    -88285.000000000000
yllcorner    -106485.000000000000
cellsize     10.000000000000
NODATA_value nan
[rows 95 to 113 of 133, columns 126 to 167 of 200]
3.5230000019073486328 3.4719998836517333984 3.4210000038146972656 3.3099999427795410156 3.0620000362396240234 2.8129999637603759766 2.6019999980926513672 2.5469999313354492188 2.6059999465942382812 2.6640000343322753906 2.7230000495910644531 2.7820000648498535156 2.8399999141693115234 2.8989999294281005859 2.9579999446868896484 3.0160000324249267578 3.0750000476837158203 2.8280000686645507812 2.4939999580383300781 2.1570000648498535156 1.8200000524520874023 1.4459999799728393555 1.0720000267028808594 0.69800001382827758789 0.32400000095367431641 0.085000000894069671631 0 0 0 0 0 0 0 0 0 0 0 0 nan nan nan nan
3.5320000648498535156 3.4809999465942382812 3.3919999599456787109 3.1429998874664306641 2.8949999809265136719 2.645999908447265625 2.3980000019073486328 2.2060000896453857422 2.0810000896453857422 2.1400001049041748047 2.1979999542236328125 2.256999969482421875 2.3159999847412109375 2.3740000724792480469 2.4330000877380371094 2.4920001029968261719 2.4890000820159912109 2.1289999485015869141 1.7869999408721923828 1.4559999704360961914 1.125 0.79000002145767211914 0.45399999618530273438 0.11699999868869781494 0 0 0 0 0 0 0 0 0 0 0 0 nan nan nan nan nan nan
3.5409998893737792969 3.4739999771118164062 3.2249999046325683594 2.9760000705718994141 2.7279999256134033203 2.479000091552734375 2.2309999465942382812 1.9800000190734863281 1.8109999895095825195 1.6599999666213989258 1.6729999780654907227 1.7319999933242797852 1.7910000085830688477 1.8489999771118164062 1.9079999923706054688 1.9670000076293945312 1.7960000038146972656 1.4329999685287475586 1.0880000591278076172 0.74599999189376831055 0.41499999165534973145 0.083999998867511749268 0 0 0 0 0 0 0 0 0 0.097999997437000274658 0 0 nan nan nan nan nan nan nan nan
3.5499999523162841797 3.3069999217987060547 3.0580000877380371094 2.8099999427795410156 2.5610001087188720703 2.3129999637603759766 2.0639998912811279297 1.8150000572204589844 1.5770000219345092773 1.4149999618530273438 1.2640000581741333008 1.2070000171661376953 1.2660000324249267578 1.3240000009536743164 1.3830000162124633789 1.4420000314712524414 1.1050000190734863281 0.73799997568130493164 0.39199998974800109863 0.046999998390674591064 0 0 0 0 0 0 0 0 0 0 0.85799998044967651367 2.2119998931884765625 1.0420000553131103516 nan nan nan nan nan nan nan nan nan
3.3880000114440917969 3.1400001049041748047 2.8910000324249267578 2.6429998874664306641 2.3940000534057617188 2.145999908447265625 1.8969999551773071289 1.6490000486373901367 1.3999999761581420898 1.1779999732971191406 1.0190000534057617188 0.86900001764297485352 0.74099999666213989258 0.80000001192092895508 0.85799998044967651367 0.78799998760223388672 0.41299998760223388672 0.046999998390674591064 0 0 0 0 0 0 0 0 0 0 0 0 0 nan nan nan nan nan nan nan nan nan nan nan
3.2219998836517333984 2.9730000495910644531 2.7249999046325683594 2.4760000705718994141 2.2269999980926513672 1.9789999723434448242 1.7300000190734863281 1.4819999933242797852 1.2330000400543212891 0.97500002384185791016 0.77999997138977050781 0.62400001287460327148 0.47299998998641967773 0.32199999690055847168 0.33300000429153442383 0.08900000154972076416 0 0 0 0 0 0 0 0 0 0 0 0 0 nan nan nan nan nan nan nan nan nan nan nan nan nan
3.0550000667572021484 2.8059999942779541016 2.5580000877380371094 2.3090000152587890625 2.0610001087188720703 1.8120000362396240234 1.5640000104904174805 1.3150000572204589844 1.0670000314712524414 0.81800001859664916992 0.56699997186660766602 0.38400000333786010742 0.22800000011920928955 0.076999999582767486572 0 0 0 0 0 0 0 0 0 0 0 0 0 nan nan nan nan nan nan nan nan nan nan nan nan nan nan nan
2.8880000114440917969 2.63899993896484375 2.3910000324249267578 2.1419999599456787109 1.8940000534057617188 1.6449999809265136719 1.3969999551773071289 1.1480000019073486328 0.89999997615814208984 0.65100002288818359375 0.40299999713897705078 0.16300000250339508057 0 0 0 0 0 0 0 0 0 0 0 0 0 nan nan nan nan nan nan nan nan nan nan nan nan nan nan nan nan nan
2.7209999561309814453 2.4730000495910644531 2.2239999771118164062 1.9759999513626098633 1.7269999980926513672 1.4780000448226928711 1.2300000190734863281 0.98100000619888305664 0.73299998044967651367 0.48399999737739562988 0.23600000143051147461 0 0 0 0 0 0 0 0 0 0 0 0 nan nan nan nan nan nan nan nan nan nan nan nan nan nan nan nan nan nan nan
2.5539999008178710938 2.3059999942779541016 2.0569999217987060547 1.8090000152587890625 1.5599999427795410156 1.3270000219345092773 1.0920000076293945312 0.84500002861022949219 0.59799998998641967773 0.35199999809265136719 0.10499999672174453735 0 0 0 0 0 0 0 0 0 0 nan nan nan nan nan nan nan nan nan nan nan nan nan nan nan nan nan nan nan nan nan
2.4010000228881835938 2.1540000438690185547 1.9069999456405639648 1.6610000133514404297 1.4140000343322753906 1.1670000553131103516 0.92000001668930053711 0.67400002479553222656 0.42699998617172241211 0.18000000715255737305 0 0.92599999904632568359 0 0 0 0 0 0 0 nan nan nan nan nan nan nan nan nan nan nan nan nan nan nan nan nan nan nan nan nan nan nan
2.229000091552734375 1.9830000400543212891 1.7359999418258666992 1.4889999628067016602 1.243000030517578125 0.99599999189376831055 0.74900001287460327148 0.50199997425079345703 0.25600001215934753418 0.00899999961256980896 0 2.1419999599456787109 0.38899999856948852539 0 0 0 0 nan nan nan nan nan nan nan nan nan nan nan nan nan nan nan nan nan nan nan nan nan nan nan nan nan
2.0580000877380371094 1.8109999895095825195 1.5650000572204589844 1.3179999589920043945 1.0709999799728393555 0.82400000095367431641 0.57800000905990600586 0.3310000002384185791 0.083999998867511749268 0 0.92400002479553222656 3.2279999256134033203 2.0480000972747802734 0.43299999833106994629 0 nan nan nan nan nan nan nan nan nan nan nan nan nan nan nan nan nan nan nan nan nan nan nan nan nan nan nan
1.886999964714050293 1.6399999856948852539 1.3930000066757202148 1.1460000276565551758 0.89999997615814208984 0.65299999713897705078 0.40599998831748962402 0.15999999642372131348 0 0 2.0099999904632568359 2.4690001010894775391 1.0039999485015869141 nan nan nan nan nan nan nan nan nan nan nan nan nan nan nan nan nan nan nan nan nan nan nan nan nan nan nan nan nan
1.5959999561309814453 1.4420000314712524414 1.2220000028610229492 0.97500002384185791016 0.7279999852180480957 0.48199999332427978516 0.23499999940395355225 0 0 0.79199999570846557617 0.41499999165534973145 nan nan nan nan nan nan nan nan nan nan nan nan nan nan nan nan nan nan nan nan nan nan nan nan nan nan nan nan nan nan nan
1.2280000448226928711 1.0750000476837158203 0.92100000381469726562 0.76700001955032348633 0.55699998140335083008 0.31000000238418579102 0.064000003039836883545 0 nan nan nan nan nan nan nan nan nan nan nan nan nan nan nan nan nan nan nan nan nan nan nan nan nan nan nan nan nan nan nan nan nan nan
0.86000001430511474609 0.70700001716613769531 0.55400002002716064453 0.40000000596046447754 0.24600000679492950439 0.093000002205371856689 nan nan nan nan nan nan nan nan nan nan nan nan nan nan nan nan nan nan nan nan nan nan nan nan nan nan nan nan nan nan nan nan nan nan nan nan
0.49200001358985900879 0.33899998664855957031 0.18600000441074371338 nan nan nan nan nan nan nan nan nan nan nan nan nan nan nan nan nan nan nan nan nan nan nan nan nan nan nan nan nan nan nan nan nan nan nan nan nan nan nan
0.125 nan nan nan nan nan nan nan nan nan nan nan nan nan nan nan nan nan nan nan nan nan nan nan nan nan nan nan nan nan nan nan nan nan nan nan nan nan nan nan nan nan
